-26.27178042362576 1.808598376541765 20.67989601674136 3.2022582033499782 35.658144030968515 -4.850058217468861 5.135579756698061 40.72117425076923 
5.0826875058175665 -5.002556974840868 -56.49956473638296 -4.412402892079932 -9.214071316345358 -16.301780961172035 24.31853475101125 42.24107518354862 
40.026500193748085 -52.49948732080627 -22.304905545218883 6.911444668925593 6.470911748759789 -29.204129766459413 1.270166359369951 19.61894694571704 
4.414797632695633 -70.5741415618254 4.341391272666043 8.693091763626196 12.73420882316535 -7.9058002823172036 -18.268971538659265 10.077313186433253 
20.60258561807284 20.508525158764467 75.34956380696225 22.315101023796174 -6.927831721336 -16.689215230904 -25.041412790285403 33.23458179026001 
-1.5979871231254792 25.9024990474599 34.22773290823358 18.452373567591493 7.586649137511306 -21.77605843087963 -17.542542128409732 -3.2907208082129453 
-34.1752839273621 -11.930462126971573 15.049557785762666 13.79732199181242 11.645176125377136 -7.092257956208171 4.347977737176553 2.7593896593875797 
-7.890765277650204 -5.890958182315256 6.594438218159434 4.927940611569719 5.30758997853052 1.2042575579463806 5.039493867812709 5.030981270016355 
3.1117741278731845 0.9624068464132854 1.506505777131541 1.6159397452422444 1.0276913163773653 2.259033652906316 2.113930980417377 2.2406314506911373 
6.616632463245531 26.345833707001944 3.5502154314289873 1.87620088906707 -5.527125057970257 -5.353246951011079 3.322090077429649 24.683481322890938 
-3.0017296248783523 13.86352641705588 6.794550535628771 6.799556336738089 2.0837900154610347 0.46271170653747073 2.631793304831463 13.156003573641222 
23.439033538732374 -24.607594594217122 -25.851671039887574 2.1534432693941734 43.28516096700083 -12.312517347856804 9.510232526179754 22.681637092711032 
44.09043816232129 -29.022792761285704 -5.202399131390712 -16.95392645026132 -6.015838961702044 6.484644379488702 8.706507430745173 4.456792110663136 
23.666983426036314 -4.060000000774347 -7.696864486763407 -17.318905269949333 -18.214776334721734 7.682821216745597 9.306284182334453 12.092463846477575 
5.006279096663292 2.3595536337766414 -3.084782418064562 -3.0446012950048655 -2.051782438256872 2.4836389863844874 4.1808627414130495 6.642829446078213 
-30.95580730660907 36.311490266552745 -17.321786805986875 -15.362009435417392 25.094355655122953 1.622757372270241 -6.670671506915482 -5.725301770830276 -7.269981501395439 -25.925888888703344 -8.183783104598657 46.150955978731126 -31.62823143434657 7.374737159209385 -6.430542362714012 
-2.930839128300806 -2.3853489285046408 19.253902950604843 1.9142342380446453 8.843774677067204 -6.704528945202511 2.097997480205409 -7.3550346955592705 -8.602669471730152 -7.9893552434349955 -6.087904937649883 21.669137458264775 17.60630175010387 -0.48767196401418006 -9.339824133888376 
-7.9471799571669015 10.699363071807555 -8.301418179154103 -23.2070467253306 -0.8945972409091181 2.827271647824156 31.89693795675756 -8.783845861100465 -6.76747695743722 2.5633063300482886 -3.20998724567842 -28.76218514640183 32.37831144169785 -2.2389198859565886 -6.475134614178477 
1.310022947702071 1.5594635761405906 -20.710444787496876 26.71724520976553 1.3087119185246465 4.940645941041397 11.211982975302858 -1.996991877729714 -3.3465267944964308 13.856298093572295 -4.798992260199852 -12.59636396801917 -28.100580318149657 -21.08110161177718 -2.671800044300341 
23.290882747125334 -28.634100455187003 41.95991399963195 -15.985607992127012 -30.091231294198906 22.67987460230196 -1.3669196185174666 -2.6815694191573205 -3.60418110400288 22.10463573887486 -23.62745894480695 -4.73757619724689 -17.66558382471247 13.045000109976169 -2.5508342644132553 
-26.806243864737322 14.668796445380954 -6.568515173156249 9.430575006312951 -56.70283670053749 0.393908925571489 19.24048997125048 3.6386445460634587 1.8859552699552007 -15.008259953949835 -5.608510641305886 -20.200802115483313 -25.632847916069814 3.2153897004289393 1.9509440304176067 
-8.36831211225704 -8.872361797009638 -4.947079605337896 -0.6359498801364812 -4.3896618538981365 
-0.425 4.2 0.8269230769230769 1.131578947368421 1.52 -0.38235294117647056 -0.2608695652173913 -0.15789473684210525 
-3.1904761904761907 0.5094339622641509 0.2727272727272727 0.38636363636363635 0.46875 -1.2857142857142858 -0.9047619047619048 -0.6363636363636364 
