5.085386454511185 0.37506078765450457 -0.1748234314365204 -1.3951891892051675 4.981270664433843 0.037483297172393036 2.0554392690407632 3.6321987339468533 
-16.083191250819905 10.994770452739592 28.735356566669907 46.63323125270344 -20.43820420785802 23.040886531722105 2.3236441398775756 -10.176749840699353 
-22.865564007810047 5.049124543341465 8.406174524614315 28.693954889924782 -14.37040451466352 20.45608209972736 4.834300954131056 -5.377300081993834 
-8.699777120001206 46.76634689817079 -14.43733321620451 -23.368989257632514 -33.83973549119741 2.020142024534741 -8.289762146337972 1.7600815677779929 
-3.522452529919691 14.020598986189457 28.978945937540765 -28.586269424392828 -10.40458870271775 22.77687926051682 -1.1553999215538278 -54.62084932217066 
-33.38615091689175 33.86518296933301 23.140411627933855 -11.775285456837363 -15.928076183393692 15.788608156933005 -40.05757041277186 -2.0954603668758227 
28.934119130699735 30.473810452327108 -0.13280747677342325 -1.0119934225817584 43.78229749498152 -16.33107805791904 0.6849534782264866 38.587818633677884 
-1.6934046959205098 -10.421928556021257 37.63431440588492 21.02402598506862 -15.229960605171616 -6.42891247499612 -2.7525133625789224 8.297703933076827 
0.5802129728504464 26.863328100360153 52.55745397360503 23.495760198768693 -36.76796239833939 20.795977440890965 -23.569996120865344 29.373249681537956 
15.380414703465261 34.94184346687981 -20.096873954621113 -34.967371846304104 5.093478675327177 -13.358993623954465 27.857608574967745 -2.303640602092597 
17.977757555266653 8.199929285115937 -26.207703404707274 -29.44216018552956 -2.563462189744557 -10.646479213134871 23.279042552373262 18.133014672191422 
50.3207316953792 -46.315452781207036 11.48963616918186 -17.45690464126916 -17.742142586986425 -8.63988056426881 -11.440396233922126 -23.36318507474881 
64.85987910130572 -39.99372548647788 -17.504617483204616 -4.267537243296558 24.30287805414714 -11.085374140482697 6.585840782341828 2.2779665634501245 
45.117382770741 -36.1795451632005 -22.76513573337058 -7.494500139539888 11.98034757197397 0.3588736885522861 3.283391757485839 10.911472316464698 
13.408856454579523 -10.19070510239183 -4.240943475125193 -2.389744076219314 0.6153672280102794 2.8620134130331394 1.3595454792299333 3.7735972335700967 
-25.947238726291822 41.62046793619395 -5.347026281463959 -14.60547196506675 -34.220317746220076 33.3472427411799 -42.290438110813305 -39.162916222954756 43.51180704071249 30.00538986713493 28.17462429377255 25.514517590421892 23.986777384623814 -23.890766178446555 -26.93435462067051 
-15.132576372019896 17.470038456026707 -10.452823640299414 -19.055355554663453 -13.510156594748112 -7.8724017590329325 -10.158673406387033 -11.141470082577202 16.441550882733523 -0.8168222045085536 8.182288707476177 23.239190738103105 10.867746979461852 24.056009152592345 -15.366306313037054 
-25.525819270589004 -16.4521331324739 7.716075342516222 51.42548052388201 21.582841949714723 -37.86199587034241 34.133491026356715 41.25930252133675 2.7543090477180683 22.27234492280133 2.063070969655197 -9.765894508038677 -18.025131620519975 -14.444694853658927 -20.888050529918054 
-11.962519239297844 15.359117344440655 23.706192540775024 -8.042787844735361 -14.832514736700425 29.663441403304702 5.917762826376539 15.609249515143112 -26.737716452011426 -23.777484524032687 -46.68945627698647 30.582631096886082 -24.035812819671488 -9.927170790855678 -15.08352338684746 
10.831141531859588 -30.31358187767308 -21.572620568547688 -33.594777446128596 22.7981343528144 -22.387580667410894 36.710680822593595 27.782823096629908 -47.33109080086952 -12.331379918383634 29.02396720918757 -38.031650224571095 -25.9362124851717 -65.66037493584822 15.792787612196463 
-4.917531200333288 -18.037516461236383 -2.820281892549579 17.029134226208978 9.568384157411318 28.956252854979585 -46.30841993654666 0.9833359584919008 -44.66946608397861 0.7638060088424582 10.99706220121165 16.89379862455035 -20.703715896343788 -27.14514887059211 1.4529723550068976 
-33.0217912273018 -6.474364514569062 -20.466824753531967 -3.1988341428102443 13.327138869759231 
-0.4 3.8181818181818183 0.8269230769230769 1.131578947368421 1.56 -0.4117647058823529 -0.28888888888888886 -0.15789473684210525 
-3.0 0.5094339622641509 0.2777777777777778 0.38636363636363635 0.46875 -1.2857142857142858 -0.9047619047619048 -0.6363636363636364 
