2.2512041239020064 3.7372177317944897 -18.419176462643822 -23.118214712879325 -7.028521928888601 5.3664675291450115 9.824827450710776 21.389545034885458 
5.2815893284936175 6.342676090649395 -23.900159510309024 -27.089132044958436 -14.656543573889412 14.573835541913436 16.396813347547347 29.055088526004738 
-20.42507602034911 -19.434290624325985 -45.53283282411351 -21.374690425960942 5.8514875485944815 8.692664575793012 34.15337941915321 -6.993280547836844 
-20.193419738546915 -10.879798527073412 -4.8126771252923355 -4.442585990000907 15.816654246170446 4.490421389561756 13.58355746399735 12.242389215613155 
39.694435152796174 -19.306722020618817 -22.072104383547714 2.2128131738544097 26.867391856835592 -12.072549881555958 -5.094990134717344 47.241513866323615 
34.6011474855704 -25.121602890940668 -10.906242314342492 -11.439408001813163 -8.42663037876293 15.036370249738436 4.382380089599667 4.918694847300955 
14.992048306792732 4.307991865621852 2.9040846673614236 1.334757636402809 4.022583291911885 1.540291304256657 -0.6425840171987582 -5.113115939199975 
-14.328935029957911 69.50784563595116 -4.851455542921113 -19.054483796248526 -7.141188772492054 6.878916412313002 -1.1157489710208262 3.695286580083363 
-60.99436574648875 30.06214221385255 22.52025210843192 -3.748842000720945 -0.604623585413371 24.722087832727144 -36.09291282268592 -1.0591441731294546 
-32.031733220167666 11.36276710606754 19.183405382572957 8.937733709292669 2.1261424328024723 15.096394853982927 -8.367019453774251 -0.4330206747147859 
14.816164098780202 2.901121844446013 29.855664229152783 14.927750223931957 12.460224726594282 -27.98483020274123 7.410046516844575 29.989822588509092 
8.826945616409404 0.14097369205610483 11.379402554208768 5.9486884351257405 5.272393861806776 -11.363361899704545 3.0028088780134365 12.725971735264478 
16.772505904266193 3.8006434023839137 -24.080877791306868 -21.43157772937487 -30.510686416966944 4.3276311266686145 17.46452538582777 19.97155685244169 
9.889729888237442 3.417570200847549 -4.28526065061595 -3.808215024458109 -7.010928038201097 3.227682490854877 8.023075998872095 8.495255964614897 
-8.523548018529594 18.332101343236584 -0.4437841986374649 4.431311898367877 -4.134464853583225 11.926739614466898 3.046212494753039 -2.4292853931295966 
16.194249506971378 -19.41684916531321 -26.349491854829537 3.6932111022782457 42.666771254398796 -29.628316651628744 5.601457446978242 19.278969691355307 17.482235401400597 -7.002235069066027 -44.14808626084036 -8.437495353015537 24.704980489704997 -8.0850428554873 -13.035077006686214 
5.648819286428334 -8.138452230717444 -7.649164389933865 2.3336801317571934 18.87439772032668 21.72742683863099 2.10169533157413 -15.971708210306078 -3.5185904896993327 -1.5360118902188038 -3.6676758784101424 -7.5331002027817595 5.192731099081235 -7.51163138921067 -7.222874044416452 
-4.170050543770473 6.973389990264497 -9.756185981583254 -13.348912401311555 -24.641173684103812 21.75760765786973 -13.783735446614005 15.20680283615969 -16.56573976243267 22.151014958362495 -0.6836872864170808 -6.131177808362342 24.472893941644426 -6.453691391964073 -1.821138134116063 
-25.647206279460537 8.940260376802177 -6.430655954172561 -11.78663191148798 -1.8680477619211484 2.2870285160120725 -3.823823916196502 -25.771675097323783 16.156530160795345 11.243843120555855 11.729159950056333 -2.308924875668063 4.636551010039039 -2.224883352968414 5.576793387451818 
32.88057827960649 -10.270635320388013 23.295012936979884 2.725405685020565 -24.850769804106314 -32.78097995198802 2.2077485952446283 3.8342374283561154 -20.442243140027124 4.121216129933174 35.07752697239424 -8.428887056647925 -5.126142838244445 -6.4830685795223 -12.177041709978527 
14.602582587270337 3.9604478713220974 26.47511652918279 -2.1117450666158204 -28.5458024926727 -20.299501033978643 -7.988088811327902 1.6820458969136383 28.376151443931388 7.936332850929751 -31.737425839714824 1.102949566215303 6.674280805224061 7.392039251303504 -3.616436070945253 
-9.915851211602888 -6.544743354881909 -4.5094695191867045 -0.7547042689159167 -9.64966956057911 
-0.425 3.8181818181818183 0.8269230769230769 1.131578947368421 1.56 -0.38235294117647056 -0.2608695652173913 -0.15789473684210525 
-3.0 0.5094339622641509 0.2777777777777778 0.38636363636363635 0.46875 -1.2857142857142858 -0.9047619047619048 -0.6363636363636364 
