-29.87716763184023 41.50446777349863 19.583921908369785 -10.014087221415778 -18.218811739315324 29.760162603163373 2.2498435812193267 -28.46446699149455 
-47.96931147922697 30.995312738491442 8.31318868951226 15.490877021750926 10.000920462686572 -2.24412107607569 -16.746452764876782 -5.284141368242949 
35.74679724898972 22.54145316257452 8.941226842848181 9.322474326530935 8.13961912328763 -7.362422378713783 4.42585034180834 2.1416096557088355 
69.67082655611583 -26.289217346915752 0.9867521266595964 15.819933443183858 -17.168274875913802 3.9084547480400125 3.882469649394593 -5.481626086781197 
19.72275843699495 -11.100923238148818 0.7984139515376166 7.919209991657518 -5.244781785797324 4.015723888219011 1.9434336775455614 -0.057224723757891546 
5.080360609361902 39.245954225271674 -6.713657783810259 -12.473847597124541 -11.263687432032052 9.017238410931805 33.70366939909165 9.611378832388437 
11.028260718310284 3.4631469999344606 -21.856405236931995 -23.219793132732082 -13.907077332853506 7.685080340103249 19.960136153816126 14.164674413921826 
12.556140925231805 -60.0039228974127 -66.52832241169 -69.96771577250773 22.254303573383893 -0.4432184986156823 89.78297819685288 -33.851441167554135 
-22.592634598065555 15.71120608067485 -8.885275148503693 -5.724757653816637 10.40086012204122 -6.098983790638448 34.25917279589546 -17.59915300044556 
18.17571829206952 -16.427000203032584 -15.713526453373147 1.7696626548470278 37.29103111956346 -7.08827152315503 2.5104286204103556 25.707067581622535 
11.950578972733751 -11.253303131206009 -6.67405258654004 -1.3125900131113557 16.0338463719899 0.07695300967689683 2.499105668756655 10.979171705667335 
-20.37507255706472 -10.855097500525842 -5.851997993584461 9.028949403328236 7.954710766295611 -2.9423777149473156 11.420069126589391 18.596987134152243 
34.12535153983109 -0.265784341656604 4.861636138053711 20.13352868617963 -1.8151017366739712 14.280349650011761 1.0178531353634854 8.735201471988002 
19.08912190129083 1.6751968965901483 3.6516522050596514 8.222899117132062 -0.04885621316058999 7.503605689701189 -0.6597636584990079 1.884760708962882 
-0.17816902957563513 4.723970019115564 4.589275741027966 2.340741174703877 1.5549491254139454 5.292669569662448 1.9834663619265118 0.7348041216248787 
25.12957603354442 36.9846431834046 -31.032282602137442 37.08248679684779 -17.158661921477417 14.998641707606879 10.81298355569342 -18.8857223143847 -13.115892366331106 46.95496405905371 -18.751172186464153 13.460388453833783 -40.60599439206687 -16.124763743863614 -18.15165699819239 
-23.1242829201719 -11.401097360462137 -9.830055126963149 21.164336798235997 -7.031749512408652 11.320688917260945 7.823848716534525 1.0051171747618548 -23.540311845272278 26.772012108098867 -8.28503587553446 3.123996933284194 0.4455959156124141 -5.302321417326376 -6.468214954766643 
30.634194156203826 -35.24134657043635 31.10731380165683 -9.435760192928791 -1.0422447551060694 8.207963127870059 18.501478952579834 3.2784889640559167 4.740364626776991 -34.23526394422229 -3.507973296880003 -3.5382289736540264 -15.374248423405016 -4.52377676728938 -2.2095465420027143 
12.53995038188084 -3.806801879574221 -2.685424317839796 20.233172035176036 -1.4699830006400703 -22.012444992004976 -36.52127427081626 -13.126417357959227 12.978169139358927 -23.84257541098822 0.2026702512807071 22.595071957776355 11.220515899119434 -1.382180166062355 0.6684500809803117 
-27.552088557564634 38.07030364581638 27.363730496827543 -25.50699698360057 -14.785873753071037 3.331297739518325 19.87308876471413 22.127449924737448 37.96669506801424 -5.148109090793517 -14.23695778432296 -36.17213953443433 28.54314752927672 -12.249727116330043 -14.304419513947659 
10.577457286300351 26.916440828507216 -32.82900795387864 -34.81767764832936 2.2732647964057473 -23.920407522684616 14.077737047668919 27.990549699337894 11.787983830676707 -19.311551888938858 2.76073309247141 4.035566281345249 -40.18615303552104 0.928381053246697 -4.879678070802665 
-20.240960792549743 -2.2594359339381525 -3.7580545498214986 0.8672414660585176 -16.47990837543963 
-0.425 4.2 0.8269230769230769 1.131578947368421 1.52 -0.38235294117647056 -0.2608695652173913 -0.14285714285714285 
-2.9444444444444446 0.5094339622641509 0.2777777777777778 0.38636363636363635 0.46875 -1.2857142857142858 -0.9047619047619048 -0.6363636363636364 
