-9.688784892304493 7.5314444273813335 -16.885566754682475 -19.078374606139974 -8.317924576804554 13.72680851295103 10.454055073620475 11.20932420067716 
40.38499631186049 -12.301320503333326 -40.41589565063128 14.7018302578714 -16.6661700566294 -7.771498243032823 16.98519795722807 11.793981411891357 
-28.283979776306786 -21.468806836740253 -39.43301194172635 -23.06282738570059 12.972136344056397 13.780102915669831 26.2904573614469 -5.836201238092925 
-12.840396195133904 -2.197748505163616 -0.8197148225209105 -4.026502490557409 16.26388597967178 10.75264194350625 13.09895352512274 2.115306005811707 
3.5514655358688025 2.5108047891196086 4.576665743180875 4.981742733455821 4.986576441016761 2.7801011560115647 2.7061242769217606 3.2192958607807465 
-31.32178204800147 3.6656530003585623 -2.0638518708820985 12.963361900295247 20.451218393336912 -10.928467637725328 -9.964503147967058 9.423892756250316 
-0.5605567220673293 -72.49707638380914 -15.173382748268358 14.392990096477412 15.68687102051317 -6.23002636402526 -5.001889970608859 8.50743694384179 
6.460639959956768 -26.125920752633917 -3.593868815776354 5.396860825528846 5.6205634014071295 3.4627099675238764 2.955783579706132 4.351129808564072 
-42.79930863833914 25.344809419573938 14.472977840385528 5.1026897330112835 0.9094239025400852 5.070887190338667 -8.992310884845992 -6.232744004709496 
-4.288822373083008 8.500273166126629 11.887547944266403 -0.3290292359423102 -5.533350663478455 12.682638675793113 4.003605799318726 -4.616127788784421 
5.848761333621275 1.1195411699811264 3.5868533534273563 0.6143067851753312 -0.947746004731895 5.52699022228004 3.959026253407523 6.814010543813009E-4 
26.738857365667126 24.508756329180116 15.949887004513993 23.016209506014803 -7.391563388159963 -15.33570926793154 0.23940140870806106 23.010193870924788 
12.234622829770808 10.240185012357244 7.117963241049827 10.732645195913031 -2.080569434521113 -4.66670169551596 0.6773290395372067 10.40032704175748 
20.57586611640756 -18.834602864133632 -16.329096402907005 11.029077282000758 20.53116395768166 -0.19690276771681905 -6.104253563975422 20.799450028936786 
43.355375093277694 -37.905156644356516 -22.501130695978254 4.69712427225318 14.900170436439145 -16.6680544433494 -1.3533098656496856 17.392697219487335 
-0.6012631210420447 39.86370470084121 -23.508752997120425 -9.820367934545123 -11.939458334476779 34.21600018674542 -11.176154712166317 -10.723103624301942 9.813104677461137 -11.19300369893933 -11.010401577095617 -41.572848641934556 -10.541942929929592 51.260897317062884 -22.962595276285064 
-0.5013965584899914 15.815235333879423 -7.78691204625967 -6.329585531704598 -6.5643598170017246 -2.323148770355391 8.877665515185928 -7.3947911215747295 -23.630299381834355 -1.3482222754212212 -7.523863712116279 -5.497578118487496 -5.494210671410962 24.25933604840305 13.09021974908994 
2.4563411309025533 14.23246367375599 -0.535068537502413 5.984418154388196 -1.7847929231138204 -37.26274793292308 -9.78873296852312 -2.729549459809354 33.1496176871577 12.170087803051949 -2.2758148912286997 14.665606244969384 -1.4123770814613967 -45.53359131216474 10.1458945367965 
-24.08320474914939 -5.864955483319097 -17.250281598275876 -0.7486830999637212 -3.708957336690221 2.300518561550976 35.70404302109203 -5.21776683448916 32.561594490108675 -2.3209658631913532 -3.503506600544151 20.06173245645374 -4.594625383347568 -18.311200021201234 -21.505857717319774 
28.22964442753685 -18.82785568549381 26.561177824035788 -16.51467739764566 -15.709714648284466 20.103223803692313 -12.347956913229964 -14.567445581408148 27.44075980371809 -14.536194371354123 -15.194758913452123 42.84087596521862 -15.99344821914301 -6.0961215468211245 31.451231218216282 
20.76294901774965 -8.800013223790582 28.977595187611374 0.2544134365626527 1.7457307642288382 18.080091924020472 12.19503990391072 7.399258664884661 24.096013333589383 -4.9875496437887925 1.3221161314977123 -35.90665534056098 1.5151659135007058 -16.07749214035083 -18.333257332474535 
-13.208605543948527 -4.898919950914849 -0.9841649019940276 -3.5392173316731785 -15.62224766105935 
-0.425 4.2 0.8269230769230769 1.105263157894737 1.52 -0.38235294117647056 -0.2608695652173913 -0.14285714285714285 
-3.1904761904761907 0.5094339622641509 0.2727272727272727 0.3953488372093023 0.48484848484848486 -1.206896551724138 -0.8928571428571429 -0.6351351351351351 
