-27.738912917821576 25.783885766360246 8.669837714602785 12.257437870666084 -2.0912442492220653 12.492588777800547 0.4183522021805485 7.298444813778424 
2.2606726939296156 4.958976383768747 15.94330030150526 17.468173371402468 -1.424660076065702 -8.216084337229589 -7.098687947946514 -11.507224506045802 
-11.58657568928346 13.6739614096413 14.666617046224754 19.964819561275515 18.861303912355016 -6.2420054259376725 -4.887814400236881 -12.514394723377954 
-27.164447796579474 18.71209431763797 16.617371531703196 17.294467200938954 18.129158327641743 -8.933537685136328 30.814807712972055 26.485438671753606 
36.57907053099533 -2.116541211652042 -6.844120968809165 14.301367565326474 5.588969803291862 -22.043941633555676 -28.931720622287706 36.49913046759686 
54.38504054607545 -7.326358046741964 -20.790322534645185 -12.05523662874644 20.213219510191315 -0.4011277859235336 -1.949394881083396 10.669056856825609 
15.228327580735842 2.5934825528905776 -24.07482630134485 -23.983350018402042 2.805490624016719 7.226895304511541 12.703393932882378 13.405320573674173 
2.545648877521512 3.612120134181339 -3.390909804525501 -3.2967837654665813 2.2343591366603315 2.3442058204068563 3.702340782426011 6.35155804167586 
5.792607994201925 -34.33909529269222 -38.197112691573686 51.924894095453666 13.686389398139259 -25.1216626824984 9.409878297855895 67.42549097568912 
3.0275514661512437 -12.574723809556467 -14.079514852570034 21.884481369016303 5.91315869655897 -8.237218046676126 5.181104061762529 28.346857547254515 
-51.33819305863534 63.725618646034924 -9.675396473319248 8.951128017344672 -5.475865777753684 39.54706925293401 0.10468455461983811 -30.76353219885093 
1.452557781108101 50.25121580531299 -30.574332222993007 4.259626518370218 -3.473697097390919 -4.972231468960524 5.4307633940557265 11.119637692572775 
10.632398180435915 11.368867583312866 -7.285613694609906 3.6806542555961994 2.0754989076127255 -7.296998830224073 3.287444392351388 9.961667664228795 
42.63042540969114 7.384427856339689 -15.779131146083078 -33.51528465503245 9.411999119133936 -0.9030734037017463 7.343682995286224 -0.8971474163294189 
-13.294021314656115 -28.777074160695086 -59.56913058437819 -36.845043345219814 41.39570026292259 -11.927396753984619 6.910109339013337 -18.29206818271754 
-21.06808580556129 -11.216463583546526 18.848907939263363 -24.34301108983555 34.22604132933321 -48.46536474098139 15.5599583341662 -18.123026220168356 32.65721019922187 -18.83938672793672 42.10888318730445 -16.614120688248196 -19.079555948762653 47.109301769452685 -45.489113784049756 
-8.546645967761508 -9.459855396483484 -9.480202759833409 -6.207362088279491 14.064844402344308 18.606494352578427 4.649330287687178 -8.371687158501453 18.533662081598052 -9.694113056274807 -9.592256404246049 -22.171687360475364 -8.075102945739713 15.550751713355128 -12.149308660248165 
18.272904276533804 4.938160039329432 -15.578631946457952 -6.582928519309995 -33.71239401286269 41.51240842294726 15.068391742480681 -8.478371813890346 -32.42121770152034 -9.2915409138921 22.932866035040707 9.142301249374015 -9.3915073065951 23.89848412380541 3.2337344764386207 
31.40778248236564 3.4529420313390737 1.9645741851175533 -23.922685425150615 0.637720826385877 17.694972663094607 -30.085201808429588 -2.6913412354748973 14.668279081206169 -2.12603816983847 19.70737229576611 -33.717249493117045 -2.8604546773921435 -14.56738471982956 7.797221564282889 
-17.703757488994956 3.57961881215615 32.25858746032703 52.652831775125186 29.894672278363988 7.034469506004042 13.187166404228853 -16.437716621545025 -35.29569300611058 -17.031529594517842 -46.1402989336892 36.599155825926985 -16.89236182445427 -25.840806780064792 38.528876633175855 
-2.4629859204390163 3.055123342290527 0.3073618993906491 -31.72552251156847 -9.506225612505123 -34.1787139121812 4.267216152084679 6.116665604388856 -19.240003796726803 3.1001416662664365 15.980540869497355 -3.3887216007221777 4.914136533675628 -10.539091850237062 56.132745691222084 
-20.74737444065737 -3.343055269607001 -9.59969441696958 0.9263972585807762 -18.413222085912363 
-0.4 4.2 0.8235294117647058 1.131578947368421 1.56 -0.3939393939393939 -0.26666666666666666 -0.14285714285714285 
-3.0 0.5094339622641509 0.2909090909090909 0.4090909090909091 0.48484848484848486 -1.2058823529411764 -0.8863636363636364 -0.6351351351351351 
